Año,Trimestre,Hasta 512 kbps,Entre 512 Kbps y 1 Mbps,Entre 1 Mbps y 6 Mbps,Entre 6 Mbps y 10 Mbps,Entre 10 Mbps y 20 Mbps,Entre 20 Mbps y 30 Mbps,Más de 30 Mbps,OTROS,Total,periodo,Total2,Hasta 512 kbps_dif,Entre 512 Kbps y 1 Mbps_dif,Entre 1 Mbps y 6 Mbps_dif,Entre 6 Mbps y 10 Mbps_dif,Entre 10 Mbps y 20 Mbps_dif,Entre 20 Mbps y 30 Mbps_dif,Más de 30 Mbps_dif,OTROS_dif
2022,4,31981.0,85668.0,1075272.0,1109421.0,765015.0,335573.0,7410902.0,394282.0,11208114.0,2022-4,11208114.0,-1032.0,-11059.0,-86098.0,-42485.0,-58490.0,-144249.0,415152.0,45247.0
2022,3,33013.0,96727.0,1161370.0,1151906.0,823505.0,479822.0,6995750.0,349035.0,11091128.0,2022-3,11091128.0,-654.0,-2771.0,-31720.0,-45124.0,-33057.0,-5499.0,253828.0,-2559.0
2022,2,33667.0,99498.0,1193090.0,1197030.0,856562.0,485321.0,6741922.0,351594.0,10958684.0,2022-2,10958684.0,-1223.0,-5342.0,-70183.0,-12118.0,-110946.0,-24509.0,405735.0,153261.0
2022,1,34890.0,104840.0,1263273.0,1209148.0,967508.0,509830.0,6336187.0,198333.0,10624009.0,2022-1,10624009.0,-6372.0,76319.0,-149935.0,-36185.0,-9031.0,-48528.0,303865.0,4082.0
2021,4,41262.0,28521.0,1413208.0,1245333.0,976539.0,558358.0,6032322.0,194251.0,10489794.0,2021-4,10489794.0,1088.0,-12916.0,-1137021.0,149561.0,266417.0,21994.0,1084148.0,30982.0
2021,3,40174.0,41437.0,2550229.0,1095772.0,710122.0,536364.0,4948174.0,163269.0,10085541.0,2021-3,10085541.0,2.0,-587.0,18958.0,15493.0,16845.0,-111037.0,286883.0,-4100.0
2021,2,40172.0,42024.0,2531271.0,1080279.0,693277.0,647401.0,4661291.0,167369.0,9863084.0,2021-2,9863084.0,685.0,350.0,-62206.0,7557.0,-44653.0,51481.0,281326.0,-19428.0
2021,1,39487.0,41674.0,2593477.0,1072722.0,737930.0,595920.0,4379965.0,186797.0,9647972.0,2021-1,9647972.0,-23.0,-511.0,-29161.0,-1153.0,-48665.0,13500.0,140728.0,1695.0
2020,4,39510.0,42185.0,2622638.0,1073875.0,786595.0,582420.0,4239237.0,185102.0,9571562.0,2020-4,9571562.0,-1528.0,-1820.0,-15346.0,33858.0,-12755.0,43853.0,185776.0,-16675.0
2020,3,41038.0,44005.0,2637984.0,1040017.0,799350.0,538567.0,4053461.0,201777.0,9356199.0,2020-3,9356199.0,-0.0,-4685.0,-13518.0,-13090.0,-8425.0,15130.0,341962.0,7769.0
2020,2,41038.0,48690.0,2651502.0,1053107.0,807775.0,523437.0,3711499.0,194008.0,9031056.0,2020-2,9031056.0,-1512.0,-7480.0,1683.0,31093.0,-6695.0,-8872.0,210617.0,-204.0
2020,1,42550.0,56170.0,2649819.0,1022014.0,814470.0,532309.0,3500882.0,194212.0,8812426.0,2020-1,8812426.0,4278.0,27190.0,-142488.0,-24114.0,-37149.0,-471774.0,670136.0,-6834.0
2019,4,38272.0,28980.0,2792307.0,1046128.0,851619.0,1004083.0,2830746.0,201046.0,8793181.0,2019-4,8793181.0,-203441.0,-51619.0,-516830.0,19269.0,45153.0,-137462.0,515848.0,-42421.0
2019,3,241713.0,80599.0,3309137.0,1026859.0,806466.0,1141545.0,2314898.0,243467.0,9164684.0,2019-3,9164684.0,38923.0,-15381.0,-135321.0,155717.0,-363166.0,-108821.0,637068.0,-4516.0
2019,2,202790.0,95980.0,3444458.0,871142.0,1169632.0,1250366.0,1677830.0,247983.0,8960181.0,2019-2,8960181.0,36217.0,-99726.0,15699.0,-11694.0,-295116.0,6151.0,539102.0,121413.0
2019,1,166573.0,195706.0,3428759.0,882836.0,1464748.0,1244215.0,1138728.0,126570.0,8648135.0,2019-1,8648135.0,27833.0,-5490.0,90777.0,448.0,-7886.0,-444533.0,539149.0,-25818.0
2018,4,138740.0,201196.0,3337982.0,882388.0,1472634.0,1688748.0,599579.0,152388.0,8473655.0,2018-4,8473655.0,133065.0,-19393.0,-63295.0,22975.0,-134503.0,117056.0,74802.0,-4087.0
2018,3,5675.0,220589.0,3401277.0,859413.0,1607137.0,1571692.0,524777.0,156475.0,8347035.0,2018-3,8347035.0,-297.0,1122.0,84409.0,-120003.0,-298702.0,571656.0,80386.0,-81980.0
2018,2,5972.0,219467.0,3316868.0,979416.0,1905839.0,1000036.0,444391.0,238455.0,8110444.0,2018-2,8110444.0,-1337.0,4061.0,44144.0,2460.0,-162248.0,138026.0,46414.0,1871.0
2018,1,7309.0,215406.0,3272724.0,976956.0,2068087.0,862010.0,397977.0,236584.0,8037053.0,2018-1,8037053.0,-7732.0,-6068.0,-500435.0,-28589.0,337734.0,230064.0,60418.0,81439.0
2017,4,15041.0,221474.0,3773159.0,1005545.0,1730353.0,631946.0,337559.0,155145.0,7870222.0,2017-4,7870222.0,-3981.0,3477.0,-289067.0,-57265.0,138049.0,278466.0,91769.0,155145.0
2017,3,19022.0,217997.0,4062226.0,1062810.0,1592304.0,353480.0,245790.0,0.0,7553629.0,2017-3,7553629.0,-3344.0,-4769.0,-353839.0,72529.0,250304.0,121876.0,147155.0,-0.0
2017,2,22366.0,222766.0,4416065.0,990281.0,1342000.0,231604.0,98635.0,0.0,7323717.0,2017-2,7323717.0,1713.0,-7393.0,-168469.0,15254.0,212013.0,20936.0,50645.0,-0.0
2017,1,20653.0,230159.0,4584534.0,975027.0,1129987.0,210668.0,47990.0,0.0,7199018.0,2017-1,7199018.0,-71.0,-3239.0,-88805.0,3933.0,91958.0,41146.0,9400.0,-0.0
2016,4,20724.0,233398.0,4673339.0,971094.0,1038029.0,169522.0,38590.0,0.0,7144696.0,2016-4,7144696.0,620.0,-61015.0,-142742.0,34561.0,118821.0,44958.0,7568.0,-0.0
2016,3,20104.0,294413.0,4816081.0,936533.0,919208.0,124564.0,31022.0,0.0,7141925.0,2016-3,7141925.0,-23904.0,-89808.0,-242400.0,139535.0,133449.0,50587.0,2002.0,-0.0
2016,2,44008.0,384221.0,5058481.0,796998.0,785759.0,73977.0,29020.0,0.0,7172464.0,2016-2,7172464.0,13580.0,-20589.0,114123.0,33999.0,144113.0,46313.0,5640.0,-0.0
2016,1,30428.0,404810.0,4944358.0,762999.0,641646.0,27664.0,23380.0,0.0,6835285.0,2016-1,6835285.0,-3815.0,-22584.0,-105282.0,36259.0,2635.0,10096.0,1210.0,-0.0
2015,4,34243.0,427394.0,5049640.0,726740.0,639011.0,17568.0,22170.0,0.0,6916766.0,2015-4,6916766.0,-787.0,-28383.0,-38162.0,25553.0,99597.0,4467.0,1493.0,-0.0
2015,3,35030.0,455777.0,5087802.0,701187.0,539414.0,13101.0,20677.0,0.0,6852988.0,2015-3,6852988.0,-5693.0,-44398.0,-50629.0,55747.0,106652.0,3056.0,2148.0,-0.0
2015,2,40723.0,500175.0,5138431.0,645440.0,432762.0,10045.0,18529.0,0.0,6786105.0,2015-2,6786105.0,-435.0,-16744.0,17008.0,73820.0,84660.0,2402.0,2182.0,-0.0
2015,1,41158.0,516919.0,5121423.0,571620.0,348102.0,7643.0,16347.0,0.0,6623212.0,2015-1,6623212.0,-2917.0,-37830.0,36867.0,75369.0,71848.0,3272.0,1118.0,-0.0
2014,4,44075.0,554749.0,5084556.0,496251.0,276254.0,4371.0,15229.0,0.0,6475485.0,2014-4,6475485.0,6645.0,-53269.0,-68881.0,122879.0,93771.0,3864.0,2805.0,-0.0
2014,3,37430.0,608018.0,5153437.0,373372.0,182483.0,507.0,12424.0,0.0,6367671.0,2014-3,6367671.0,-3634.0,-48390.0,3863.0,31683.0,35210.0,29.0,165.0,-0.0
2014,2,41064.0,656408.0,5149574.0,341689.0,147273.0,478.0,12259.0,0.0,6348745.0,2014-2,6348745.0,-11620.0,-31211.0,19280.0,52507.0,46146.0,133.0,664.0,-0.0
2014,1,52684.0,687619.0,5130294.0,289182.0,101127.0,345.0,11595.0,0.0,6272846.0,2014-1,6272846.0,,,,,,,,
